       1       1
       1       0
       0
1 0  0.0  1.0 4 1  [ppbv]
1 0  0.0  1.0 4 1  [ppbv]
1 0  0.0  1.0 4 1  [ppbv]
1 0  0.0  1.0 4 1  [ppbv]
1 0  0.0  1.0 4 1  [ppbv]
1 0  0.0  1.0 4 1  [ppbv]
1 0  0.0  1.0 4 1  [ppbv]
1 0  0.0  1.0 4 1  [ppbv]
1 0  0.0  1.0 4 1  [ppbv]
1 0  0.0  1.0 4 1  [ppbv]
1 0  0.0  1.0 4 1 CH3CHO2 [ppbv]
1 0  0.0  1.0 4 1  [ppbv]
1 0  0.0  1.0 4 1  [ppbv]
1 0  0.0  1.0 4 1  [ppbv]
1 0  0.0  1.0 4 1 CO2H [ppbv]
1 0  0.0  1.0 4 1 3H [ppbv]
1 0  0.0  1.0 4 1  [ppbv]
1 0  0.0  1.0 4 1  [ppbv]
1 0  0.0  1.0 4 1  [ppbv]
1 0  0.0  1.0 4 1  [ppbv]
1 0  0.0  1.0 4 1 CO2H [ppbv]
1 0  0.0  1.0 4 1 O2CHCHO [ppbv]
1 0  0.0  1.0 4 1  [ppbv]
1 0  0.0  1.0 4 1 O2H [ppbv]
1 0  0.0  1.0 4 1 OPO [ppbv]
1 0  0.0  1.0 4 1 ISOPO [ppbv]
1 0  0.0  1.0 4 1  [ppbv]
1 0  0.0  1.0 4 1  [ppbv]
1 0  0.0  1.0 4 1  [ppbv]
1 0  0.0  1.0 4 1  [ppbv]
1 0  0.0  1.0 4 1 CHO [ppbv]
1 0  0.0  1.0 4 1  [ppbv]
1 0  0.0  1.0 4 1  [ppbv]
1 0  0.0  1.0 4 1 O2C4OOH [ppbv]
1 0  0.0  1.0 4 1 OH [ppbv]
1 0  0.0  1.0 4 1 O3 [ppbv]
1 0  0.0  1.0 4 1  [ppbv]
1 0  0.0  1.0 4 1  [ppbv]
1 0  0.0  1.0 4 1 2O [ppbv]
1 0  0.0  1.0 4 1  [ppbv]
1 0  0.0  1.0 4 1  [ppbv]
1 0  0.0  1.0 4 1 H [ppbv]
1 0  0.0  1.0 4 1 O2H [ppbv]
1 0  0.0  1.0 4 1 O [ppbv]
1 0  0.0  1.0 4 1 NO3 [ppbv]
1 0  0.0  1.0 4 1  [ppbv]
1 0  0.0  1.0 4 1  [ppbv]
1 0  0.0  1.0 4 1  [ppbv]
1 0  0.0  1.0 4 1 O3 [ppbv]
1 0  0.0  1.0 4 1  [ppbv]
1 0  0.0  1.0 4 1  [ppbv]
1 0  0.0  1.0 4 1 O3H [ppbv]
1 0  0.0  1.0 4 1  [ppbv]
1 0  0.0  1.0 4 1  [ppbv]
1 0  0.0  1.0 4 1  [ppbv]
1 0  0.0  1.0 4 1 O2 [ppbv]
1 0  0.0  1.0 4 1 H [ppbv]
1 0  0.0  1.0 4 1 OPNO3 [ppbv]
1 0  0.0  1.0 4 1 HOISOPNO3 [ppbv]
1 0  0.0  1.0 4 1 H [ppbv]
1 0  0.0  1.0 4 1  [ppbv]
1 0  0.0  1.0 4 1  [ppbv]
1 0  0.0  1.0 4 1 H [ppbv]
1 0  0.0  1.0 4 1  [ppbv]
1 0  0.0  1.0 4 1 2H [ppbv]
1 0  0.0  1.0 4 1  [ppbv]
1 0  0.0  1.0 4 1  [ppbv]
1 0  0.0  1.0 4 1 O3H [ppbv]
1 0  0.0  1.0 4 1  [ppbv]
1 0  0.0  1.0 4 1 O3H [ppbv]
1 0  0.0  1.0 4 1 OOH [ppbv]
1 0  0.0  1.0 4 1  [ppbv]
1 0  0.0  1.0 4 1 O [ppbv]
1 0  0.0  1.0 4 1 OHISOPOOH [ppbv]
1 0  0.0  1.0 4 1  [ppbv]
1 0  0.0  1.0 4 1  [ppbv]
1 0  0.0  1.0 4 1 3 [ppbv]
1 0  0.0  1.0 4 1  [ppbv]
1 0  0.0  1.0 4 1 DBCOD [ppbv]
1 0  0.0  1.0 4 1 3H [ppbv]
1 0  0.0  1.0 4 1 HPALD [ppbv]
1 0  0.0  1.0 4 1 2H [ppbv]
1 0  0.0  1.0 4 1  [ppbv]
1 0  0.0  1.0 4 1 3O2C4OD [ppbv]
1 0  0.0  1.0 4 1  [ppbv]
1 0  0.0  1.0 4 1 O2H [ppbv]
1 0  0.0  1.0 4 1 OPOOH [ppbv]
1 0  0.0  1.0 4 1 HOISOPOOH [ppbv]
1 0  0.0  1.0 4 1 3H [ppbv]
1 0  0.0  1.0 4 1 3 [ppbv]
1 0  0.0  1.0 4 1  [ppbv]
1 0  0.0  1.0 4 1 OOH [ppbv]
1 0  0.0  1.0 4 1  [ppbv]
1 0  0.0  1.0 4 1 H [ppbv]
1 0  0.0  1.0 4 1  [ppbv]
1 0  0.0  1.0 4 1 PO [ppbv]
1 0  0.0  1.0 4 1 OCH2OOH [ppbv]
1 0  0.0  1.0 4 1 3 [ppbv]
1 0  0.0  1.0 4 1  [ppbv]
1 0  0.0  1.0 4 1 OH [ppbv]
1 0  0.0  1.0 4 1  [ppbv]
1 0  0.0  1.0 4 1 H [ppbv]
1 0  0.0  1.0 4 1 ISOPO [ppbv]
1 0  0.0  1.0 4 1 H [ppbv]
1 0  0.0  1.0 4 1 3 [ppbv]
1 0  0.0  1.0 4 1  [ppbv]
1 0  0.0  1.0 4 1 PNO3 [ppbv]
1 0  0.0  1.0 4 1  [ppbv]
1 0  0.0  1.0 4 1 OOH [ppbv]
1 0  0.0  1.0 4 1  [ppbv]
1 0  0.0  1.0 4 1 2H [ppbv]
1 0  0.0  1.0 4 1 C2OOHC4OD [ppbv]
1 0  0.0  1.0 4 1  [ppbv]
1 0  0.0  1.0 4 1 XYRINGC2OOH [ppbv]
1 0  0.0  1.0 4 1  [ppbv]
1 0  0.0  1.0 4 1  [ppbv]
1 0  0.0  1.0 4 1  [ppbv]
1 0  0.0  1.0 4 1 C4 [ppbv]
1 0  0.0  1.0 4 1 O2 [ppbv]
1 0  0.0  1.0 4 1 23DBCOD [ppbv]
1 0  0.0  1.0 4 1  [ppbv]
1 0  0.0  1.0 4 1  [ppbv]
1 0  0.0  1.0 4 1  [ppbv]
1 0  0.0  1.0 4 1 O3O2 [ppbv]
1 0  0.0  1.0 4 1  [ppbv]
1 0  0.0  1.0 4 1  [ppbv]
1 0  0.0  1.0 4 1  [ppbv]
1 0  0.0  1.0 4 1  [ppbv]
1 0  0.0  1.0 4 1 POOH [ppbv]
1 0  0.0  1.0 4 1 LD [ppbv]
1 0  0.0  1.0 4 1 CHO [ppbv]
1 0  0.0  1.0 4 1 2H [ppbv]
1 0  0.0  1.0 4 1 2C4OD [ppbv]
1 0  0.0  1.0 4 1 COCH2OOCH2CHO [ppbv]
1 0  0.0  1.0 4 1  [ppbv]
1 0  0.0  1.0 4 1  [ppbv]
1 0  0.0  1.0 4 1  [ppbv]
1 0  0.0  1.0 4 1 HO [ppbv]
1 0  0.0  1.0 4 1  [ppbv]
1 0  0.0  1.0 4 1  [ppbv]
1 0  0.0  1.0 4 1 719 [ppbv]
1 0  0.0  1.0 4 1  [ppbv]
1 0  0.0  1.0 4 1  [ppbv]
1 0  0.0  1.0 4 1  [ppbv]
1 0  0.0  1.0 4 1  [ppbv]
1 0  0.0  1.0 4 1  [ppbv]
1 0  0.0  1.0 4 1  [ppbv]
1 0  0.0  1.0 4 1 2 [ppbv]
1 0  0.0  1.0 4 1  [ppbv]
1 0  0.0  1.0 4 1  [ppbv]
1 0  0.0  1.0 4 1  [ppbv]
1 0  0.0  1.0 4 1 ISOPO [ppbv]
1 0  0.0  1.0 4 1 O2 [ppbv]
1 0  0.0  1.0 4 1  [ppbv]
1 0  0.0  1.0 4 1  [ppbv]
1 0  0.0  1.0 4 1 O2 [ppbv]
1 0  0.0  1.0 4 1  [ppbv]
1 0  0.0  1.0 4 1  [ppbv]
1 0  0.0  1.0 4 1 NO3O2 [ppbv]
1 0  0.0  1.0 4 1  [ppbv]
1 0  0.0  1.0 4 1 ET [ppbv]
1 0  0.0  1.0 4 1 CH2O2 [ppbv]
1 0  0.0  1.0 4 1  [ppbv]
1 0  0.0  1.0 4 1 CO [ppbv]
1 0  0.0  1.0 4 1 CO [ppbv]
1 0  0.0  1.0 4 1 O2C4OOH [ppbv]
1 0  0.0  1.0 4 1 3 [ppbv]
1 0  0.0  1.0 4 1  [ppbv]
1 0  0.0  1.0 4 1  [ppbv]
1 0  0.0  1.0 4 1 CO2 [ppbv]
1 0  0.0  1.0 4 1  [ppbv]
1 0  0.0  1.0 4 1  [ppbv]
1 0  0.0  1.0 4 1 YRINGC2O2 [ppbv]
1 0  0.0  1.0 4 1 O2 [ppbv]
1 0  0.0  1.0 4 1  [ppbv]
1 0  0.0  1.0 4 1  [ppbv]
1 0  0.0  1.0 4 1  [ppbv]
1 0  0.0  1.0 4 1 OOHC4OD [ppbv]
1 0  0.0  1.0 4 1 O2 [ppbv]
1 0  0.0  1.0 4 1 OPO2 [ppbv]
1 0  0.0  1.0 4 1  [ppbv]
1 0  0.0  1.0 4 1 2OOH [ppbv]
1 0  0.0  1.0 4 1 2O2C4OD [ppbv]
1 0  0.0  1.0 4 1 2O2 [ppbv]
1 0  0.0  1.0 4 1  [ppbv]
1 0  0.0  1.0 4 1  [ppbv]
1 0  0.0  1.0 4 1  [ppbv]
1 0  0.0  1.0 4 1  [ppbv]
1 0  0.0  1.0 4 1  [ppbv]
1 0  0.0  1.0 4 1  [ppbv]
1 0  0.0  1.0 4 1 HO [ppbv]
1 0  0.0  1.0 4 1  [ppbv]
1 0  0.0  1.0 4 1  [ppbv]
1 0  0.0  1.0 4 1  [ppbv]
1 0  0.0  1.0 4 1 O3 [ppbv]
1 0  0.0  1.0 4 1  [ppbv]
1 0  0.0  1.0 4 1  [ppbv]
1 0  0.0  1.0 4 1 3 [ppbv]
1 0  0.0  1.0 4 1  [ppbv]
1 0  0.0  1.0 4 1 O3 [ppbv]
1 0  0.0  1.0 4 1  [ppbv]
1 0  0.0  1.0 4 1 2 [ppbv]
1 0  0.0  1.0 4 1 2O2 [ppbv]
1 0  0.0  1.0 4 1 OISOPO2 [ppbv]
1 0  0.0  1.0 4 1 OISOPO2 [ppbv]
1 0  0.0  1.0 4 1 HPALD [ppbv]
1 0  0.0  1.0 4 1  [ppbv]
1 0  0.0  1.0 4 1  [ppbv]
1 0  0.0  1.0 4 1  [ppbv]
1 0  0.0  1.0 4 1  [ppbv]
1 0  0.0  1.0 4 1  [ppbv]
1 0  0.0  1.0 4 1  [ppbv]
1 0  0.0  1.0 4 1  [ppbv]
1 0  0.0  1.0 4 1 O2 [ppbv]
1 0  0.0  1.0 4 1 NO3 [ppbv]
1 0  0.0  1.0 4 1 H [ppbv]
1 0  0.0  1.0 4 1 O3 [ppbv]
1 0  0.0  1.0 4 1 HO [ppbv]
1 0  0.0  1.0 4 1 3 [ppbv]
1 0  0.0  1.0 4 1  [ppbv]
1 0  0.0  1.0 4 1 HISOPO2 [ppbv]
1 0  0.0  1.0 4 1 H [ppbv]
1 0  0.0  1.0 4 1  [ppbv]
1 0  0.0  1.0 4 1 O [ppbv]
1 0  0.0  1.0 4 1 HO [ppbv]
1 0  0.0  1.0 4 1 PO2 [ppbv]
1 0  0.0  1.0 4 1 3 [ppbv]
1 0  0.0  1.0 4 1  [ppbv]
1 0  0.0  1.0 4 1 O [ppbv]
1 0  0.0  1.0 4 1 H [ppbv]
1 0  0.0  1.0 4 1 OOH [ppbv]
1 0  0.0  1.0 4 1 3DBCOOH [ppbv]
1 0  0.0  1.0 4 1  [ppbv]
1 0  0.0  1.0 4 1  [ppbv]
1 0  0.0  1.0 4 1  [ppbv]
1 0  0.0  1.0 4 1  [ppbv]
1 0  0.0  1.0 4 1 2O2 [ppbv]
1 0  0.0  1.0 4 1 L [ppbv]
1 0  0.0  1.0 4 1  [ppbv]
1 0  0.0  1.0 4 1  [ppbv]
1 0  0.0  1.0 4 1  [ppbv]
1 0  0.0  1.0 4 1  [ppbv]
1 0  0.0  1.0 4 1  [ppbv]
1 0  0.0  1.0 4 1  [ppbv]
1 0  0.0  1.0 4 1  [ppbv]
1 0  0.0  1.0 4 1  [ppbv]
1 0  0.0  1.0 4 1  [ppbv]
1 0  0.0  1.0 4 1  [ppbv]
1 0  0.0  1.0 4 1  [ppbv]
1 0  0.0  1.0 4 1  [ppbv]
1 0  0.0  1.0 4 1  [ppbv]
